OM	Baseline    Std
0	3547.29	1.99174
1	3552.07	1.86667
2	3554.19	1.73458
3	3552.07	1.68696
4	3561.6	1.73609
5	3557.13	1.75066
6	3545	1.86179
7	3540.03	1.66822
8	3551.95	1.90028
9	3551.46	1.77943
10	3558.25	1.93107
11	3556.27	1.76299
13	3551.18	1.78447
14	3540.05	1.86902
15	3556.87	1.88856
16	3558.18	1.73187
17	3537.7	1.90773
18	3542.48	2.00145
19	3565.42	1.65059
20	3556.78	1.76888
21	3545.26	1.67819
22	3540.97	1.7854
23	3551.76	1.58701
24	3543.6	1.84879
25	3546.86	1.68325
26	3557.46	1.91566
27	3548.85	2.10865
28	3548.96	1.57131
29	3543.95	1.69967
30	3554.17	1.76304
31	3560.77	1.89641
32	3534.09	2.0192
33	3542.78	1.60818
34	3549.5	1.78941
35	3548.93	1.80652
36	3545.98	1.81061
37	3560.36	1.81497
38	3543	1.71951
39	3554.58	1.974
40	3549.27	2.06466
41	3536.71	1.9987
42	3541.53	1.79275
43	3555.18	1.81711
44	3544.66	1.89739
45	3554.56	1.73923
46	3555.22	1.91562
47	3543.61	1.75011
48	3541.84	1.87523
49	3554.91	1.89173
50	3552.77	1.67947
51	3567.33	1.60734
52	3539.03	1.71094
53	3555.28	1.77375
54	3542.01	1.8502
55	3549.54	1.86998
56	3557.26	1.84251
57	3551.02	1.73151
58	3548.04	1.78133
59	3551.57	1.60309
60	3550	1.96481
61	3541.65	1.88933
62	3558.05	1.86916
63	3556.89	1.72809
64	3552.33	1.65573
65	3543.99	1.78963
66	3543.17	1.93073
67	3542.88	2.11453
68	3544.65	1.83595
69	3547.82	1.73014
70	3543.12	1.73268
71	3542.24	1.73771
72	3538.62	1.68756
73	3554.09	1.71454
74	3547.73	1.73145
75	3542.51	1.73453
76	3548.73	1.97645
77	3546.85	1.74167
78	3547.52	1.5492
79	3549.59	1.79017
80	3549.24	1.97353
81	3551.65	1.97523
82	3543.32	1.68349
83	3544.19	1.78417
84	3556.36	1.96768
85	3552.01	1.8145
86	3549.12	1.74142
87	3542.64	1.71519
88	3540.9	1.83246
89	3543.13	1.74556
90	3567.62	1.73954
91	3542.97	1.85221
92	3538.53	1.76126
93	3549.31	1.76643
94	3546.23	1.73666
95	3548.73	1.79509
96	3533.98	1.81498
97	3553.19	1.94679
98	3557.63	1.79037
99	3553.31	1.62246
100	3542.54	1.87491
101	3553.51	2.00444
102	3548.22	1.8019
103	3552.26	1.82455
104	3550.47	1.76192
105	3548.4	1.97685
106	3540.35	1.83344
107	3539.32	1.72294
108	3558.68	1.89735
109	3550.4	1.93998
110	3553.05	1.93486
111	3564.47	1.74089
112	3541.48	1.59552
113	3544.28	1.79176
114	3552.78	1.7819
115	3552.46	1.75934
116	3540.46	1.67985
117	3542.47	1.69453
118	3545.41	1.92744
119	3551.58	2.17705
120	3553.62	1.89099
121	3566.11	1.9997
122	3541.02	1.61918
123	3546.61	1.77284
124	3547.28	1.87319
125	3560.06	1.79035
126	3546.64	2.21614
127	3549.18	1.80674
128	3539.82	1.93718
129	3550.06	1.59699
130	3546.79	1.9028
131	3539.9	1.92673
132	3551.41	2.02871
133	3547.29	1.66887
134	3551.47	1.7583
135	3548.74	1.77402
136	3551.23	1.80786
137	3560.52	1.8483
138	3545.85	1.71863
139	3548.07	1.91402
140	3542.64	1.82696
141	3539.36	2.04332
142	3543.23	1.87195
143	3550.34	1.90307
144	3543.46	1.9553
145	3562.28	2.1676
146	3546.64	1.89091
147	3555.1	1.85728
148	3551.37	1.78415
149	3561.79	1.79827
150	3548.21	1.74398
151	3549.05	1.63742
152	3551.66	1.8965
153	3554.77	1.64584
154	3548.5	1.80238
155	3547.89	1.91533
156	3548.63	1.6427
157	3543.38	1.7657
158	3552.21	1.78021
159	3549.07	2.11503
160	3543.6	2.12826
161	3553.55	1.91373
162	3551.15	2.01901
163	3534.95	1.75821
164	3553.12	1.85554
165	3551.42	1.90271
166	3556.41	1.76916
167	3558.23	1.70178
168	3545.43	1.89775
169	3549.25	1.81691
170	3548.76	1.74401
171	3550.32	1.86983
172	3549.5	1.89078
173	3553.11	1.89652
174	3560.48	1.93921
175	3545.63	1.80767
176	3550.54	1.78338
177	3549.85	1.83604
178	3546.29	1.94339
179	3544.21	1.68868
180	3552.09	1.89827
181	3559.53	1.73885
182	3543.42	1.67227
183	3549.07	2.00297
184	3556.44	2.09545
185	3554.72	1.98567
186	3549.45	1.85622
187	3544.5	1.9349
188	3545.41	1.62584
189	3557.77	1.80582
190	3542.95	1.67258
191	3541.18	1.87671
192	3545	1.68084
193	3536.99	1.92823
194	3550.26	1.69021
195	3538.97	1.77155
196	3546.47	1.72153
197	3542.73	1.80759
198	3542.1	1.91992
199	3542.64	1.81567
200	3551.54	1.93892
201	3549.33	1.65411
202	3542.58	1.78625
203	3532.34	1.97807
204	3536.85	1.86552
205	3550.21	2.04264
206	3546.57	1.82612
207	3560.3	1.9391
208	3548.19	1.75289
209	3552.5	1.92637
210	3544.27	1.75145
211	3539.25	1.84158
212	3544.98	1.98834
213	3546.03	1.99256
214	3543.7	2.04246
215	3544.64	2.06778
216	3552.08	1.79995
217	3540.84	1.98731
218	3555.27	1.73461
219	3543.33	1.67247
220	3546.63	1.73132
221	3543.08	1.8495
222	3541.79	1.87429
223	3549.88	1.76896
224	3548.48	1.89805
225	3551.77	1.72308
226	3558.49	1.81348
227	3547.85	2.08636
228	3554.17	1.68786
229	3545.56	1.78322
230	3543.61	1.8401
231	3548.91	1.66259
232	3552.19	1.76472
233	3550.12	1.63281
234	3548.54	1.96005
235	3537.63	1.85916
236	3547.35	1.87354
237	3554.04	1.7112
238	3543.26	1.79401
239	3548.09	1.78699
240	3549.17	1.69578
241	3561.53	1.81513
242	3541.68	1.79904
243	3539.11	1.74291
244	3556.1	1.76809
245	3539.11	1.85729
246	3553.02	1.76008
247	3540.08	1.79539
248	3543.63	1.66853
249	3547.58	1.71088
250	3556.4	1.81567
251	3547.37	1.70698
252	3549.15	1.82473
253	3552.57	1.84152
254	3542.37	1.8314
255	3544.4	1.65662
256	3536.4	1.93923
257	3551.48	1.66136
258	3546.27	1.9083
259	3544.55	1.84351
260	3547.46	1.92723
261	3547.58	1.77657
262	3542.63	1.63767
263	3529.95	1.68998
264	3554.4	1.8812
265	3553.52	1.69937
266	3547.23	1.85469
267	3548.5	1.82488
268	3544.29	1.81537
269	3542.52	1.75849
270	3548.7	1.6409
271	3543.69	1.77182
272	3550.93	1.53864
273	3368.24	1.88403
274	3365.02	1.7634
275	3544.59	1.93045
276	3548.43	1.63027
277	3542.82	1.86874
278	3549.37	1.93012
279	3546.77	1.85403
280	3536.95	1.80845
281	3553.59	1.79002
282	3539.35	1.83388
283	3547.16	1.85318
284	3547.57	1.75954
285	3548.41	1.67914
286	3538.72	1.75953
287	3542.3	1.85004
288	3547.82	1.93504
289	3550.29	1.77615
290	3558.11	1.59488
291	3542.87	1.8304
292	3547.15	1.65056
293	3544.57	1.73755
294	3543.83	1.83042
295	3542.13	1.81691
296	3544.23	1.76417
297	3542.05	1.82627
298	3547.39	1.86157
299	3540.29	1.85921
300	3532.91	1.81392
301	3548.49	1.96201
302	3549.85	1.78395
303	3543.82	1.75331
304	3542.12	1.76029
305	3560.65	1.75525
306	3543.98	1.72181
307	3540.89	1.7246
308	3544.82	1.82229
309	3551.45	1.91347
310	3548.17	1.61572
312	3558.44	1.89914
313	3553.66	1.6856
314	3543.65	1.81347
315	3541.87	1.74665
316	3543.16	1.68984
317	3545.68	2.18123
318	3544.6	1.82257
319	3544.74	1.73813
320	3551.77	1.55914
321	3561.82	1.70699
322	3553.72	1.65916
323	3551.84	1.86775
324	3535	1.7791
325	3549.07	1.91482
326	3549.03	1.74011
327	3550.05	1.77117
328	3541.13	1.89673
329	3544.33	1.66768
330	3540.51	1.75749
331	3545.38	1.86957
332	3541.81	1.95132
333	3540.67	1.93448
334	3541.95	1.7656
335	3551.24	1.74542
336	3546.48	1.66068
337	3536.49	1.88889
338	3547.04	1.79141
339	3550.31	1.73325
340	3536.96	1.87039
341	3541.55	1.91092
342	3549.9	1.6647
343	3549.93	1.73619
344	3563.74	1.99901
345	3544.86	2.02651
346	3553.89	1.67723
347	3556.9	1.81979
348	3542.6	1.86967
349	3549.41	1.72193
350	3538.72	1.79101
351	3544.2	1.77535
352	3550.16	1.92493
353	3533.56	2.12204
354	3542.83	1.7668
355	3536.65	1.76608
356	3543.83	1.75926
357	3541.26	1.91204
358	3540.84	1.80993
359	3540.79	1.84333
360	3546.04	1.68727
361	3542.08	1.63126
362	3532.27	1.80798
363	3549.71	1.79779
364	3539.79	1.81351
365	3535.6	1.93886
366	3548.49	1.83587
367	3553.93	1.9124
368	3551.01	1.6007
369	3555	1.99872
370	3545.46	1.53375
371	3541.65	1.73167
372	3536.28	1.61358
373	3546.09	1.98341
374	3544.18	1.75332
375	3542.58	1.60481
377	3553.16	1.95704
378	3550.09	1.68779
379	3549.83	1.72025
380	3539.5	1.76964
381	3551.07	1.9163
382	3548.11	1.92493
383	3548.26	1.91432
384	3548.4	2.06994
385	3542.55	1.80748
386	3561.73	1.6706
387	3540.01	1.5527
388	3555.6	1.73118
389	3557.53	1.78133
390	3554.55	1.89056
391	3553.68	1.88525
392	3549.25	1.9114
393	3538.88	1.78231
394	3547.35	1.85073
395	3547.38	1.86625
396	3552.29	1.70779
397	3545.57	1.96807
398	3546.09	2.07445
399	3541.47	1.7789
400	3546.81	1.7218
401	3549.88	1.82489
402	3534.91	1.76392
403	3553.7	2.00362
404	3547.63	1.84012
405	3552.96	1.6758
406	3547.98	2.0573
407	3544.24	2.08107
408	3545.69	1.8534
409	3550.93	1.66477
410	3544.76	1.88573
411	3554.01	1.72202
412	3555.83	1.92869
413	3550.85	2.0192
414	3543.71	1.68402
415	3545.1	2.74483
416	3549.41	1.54689
417	3549.09	1.56577
418	3543.87	1.72195
419	3549.58	1.85319
420	3548.66	1.68314
421	3540.3	1.84083
422	3547.43	1.88992
423	3544.77	1.85038
424	3536.05	1.92139
425	3544.87	1.91319
426	3539.3	1.83982
427	3544.92	1.88908
428	3541.38	1.78354
429	3545.3	1.81971
430	3541.72	1.72157
431	3540.96	1.69645
432	3538.14	1.87053
433	3549.05	1.79947
434	3541.7	1.81762
435	3546.62	1.67444
436	3546.95	1.9577
437	3537.37	1.74225
438	3536.54	1.97222
439	3548.06	1.67912
440	3543.32	1.77999
442	3551.42	1.65746
443	3541.17	1.86165
444	3553.31	1.83934
445	3554.99	1.83033
446	3547.14	1.83248
447	3551.21	1.71775
448	3556.84	1.73932
449	3545.68	1.71889
450	3542.22	1.93879
451	3554.87	1.75665
452	3551.51	1.92671
453	3547.6	1.63271
454	3557.93	1.68635
455	3554.72	1.76126
456	3547.16	1.80657
457	3557.23	1.67786
458	3553.58	1.80724
459	3542.35	1.64758
460	3548.35	1.69627
461	3549.89	1.8161
462	3544	1.98264
463	3540.98	1.73414
464	3554.97	1.66385
465	3551.45	1.73495
466	3549.82	1.76034
467	3561.44	1.75589
468	3543.43	1.65191
469	3540.01	1.76248
470	3547.4	1.72558
471	3557.23	1.69844
472	3543.48	1.78847
473	3556.77	2.02481
474	3536.69	1.78581
475	3540.65	1.70756
476	3552.11	1.74181
477	3551.51	1.73835
478	3542.34	1.99759
479	3534.43	2.02022
480	3536.53	1.90817
481	3535.69	1.8749
482	3540.45	1.84174
483	3542.43	1.86334
484	3548.17	1.88733
485	3554.86	2.02018
486	3544.69	1.84317
487	3557.17	1.86975
488	3550.9	1.75334
489	3550.5	1.69577
490	3552.37	2.03344
491	3542.82	1.83191
492	3552.03	1.79534
493	3541.36	1.66908
494	3556.28	1.84835
495	3543.84	1.87118
496	3539.76	1.69884
497	3544.93	1.86181
498	3548.15	1.70781
499	3544.17	1.91155
500	3537.97	1.868
501	3551.32	1.74209
502	3560.03	1.64445
503	3558.2	1.81991
504	3546.28	1.79896
505	3539.75	1.81041
506	3554.75	1.93063
507	3561.02	1.75608
508	3540.94	1.83066
509	3549.51	1.80231
510	3547.88	1.96378
511	3559.56	2.15109
512	3558.4	1.66987
513	3543.23	1.73572
514	3550.26	1.65852
515	3538.95	1.57141
516	3548.99	1.74841
517	3542.03	1.96676
518	3549.61	1.79753
519	3552.62	1.80372
520	3541.28	1.81097
521	3547.56	1.80975
522	3551.3	2.0861
523	3533.99	1.92863
524	3553.62	1.73896
525	3554.55	1.84564
526	3554.21	1.63676
527	3540.81	1.79264
528	3544.79	1.81592
529	3532.59	1.90969
530	3555.74	1.84754
531	3541.29	1.84172
532	3555.75	1.7027
533	3554.31	1.90624
534	3547.29	1.82408
535	3551.13	1.71365
536	3540.02	1.64757
537	3557.36	1.73797
538	3548.84	1.84232
539	3546.2	1.67591
540	3550.01	1.79279
541	3537.33	1.71549
542	3561.75	1.67643
543	3551.56	1.82911
544	3549.33	1.76871
545	3549.23	1.82363
546	3548.78	1.85651
547	3557.81	1.8152
548	3546.13	1.87308
549	3545	1.79624
550	3549.52	1.80649
551	3548.22	1.74837
552	3559.19	1.64152
553	3547.79	1.83028
554	3554.64	1.85881
555	3556.45	1.64601
556	3551.66	1.73096
557	3541.81	1.93939
558	3542.33	1.72502
559	3541.47	1.71088
560	3550.36	1.93574
561	3550.29	1.86316
562	3547.07	1.84432
563	3549.29	1.76259
564	3554.51	1.74525
565	3555.97	1.81787
566	3556.51	1.87443
567	3553.42	1.87045
568	3534.42	1.62456
569	3541.19	1.75351
570	3556.35	1.81067
571	3544.17	2.01688
572	3542.57	1.74484
573	3541.32	1.75895
574	3550.61	1.82095
575	3541.94	1.73085
576	3550.93	1.99553
577	3541.08	1.63742
578	3549.41	1.70463
579	3550.61	1.86512
580	3551.83	1.7844
581	3540.04	1.78102
582	3551.35	1.97314
583	3544.21	1.78182
584	3540.47	1.94798
585	3534.67	1.73215
586	3547.68	1.78211
587	3551.72	2.07464
588	3551.82	1.86305
589	3544.3	1.81094
590	3546.6	1.90589
591	3550.18	1.88817
592	3537.65	1.73351
593	3556.55	2.00574
594	3548.96	1.69957
595	3549.38	1.67691
596	3547.24	1.9349
597	3548.18	2.06399
598	3541.73	1.79445
599	3539.27	1.91004
600	3551.6	1.66979
601	3552.57	1.75979
602	3556.09	1.81752
603	3554.74	1.90138
604	3547.6	1.70547
605	3532.9	1.89852
606	3553.5	2.03763
607	3554.23	1.88737
608	3563.69	2.03576
609	3562.33	1.86825
610	3554.59	1.81363
611	3552.63	1.98341
612	3534.06	1.84187
613	3537.99	1.61314
614	3535.9	1.8645
615	3540.61	1.91866
616	3548.06	1.61923
617	3554.18	1.70278
618	3549.77	1.75371
619	3541.2	1.94106
620	3546.93	1.80279
621	3548.12	1.64262
622	3553.28	1.9345
623	3552.52	1.89793
624	3551.7	1.83659
625	3547.88	1.69549
626	3553.77	1.7519
627	3561.2	1.76483
628	3552.02	1.66317
629	3548.89	1.91858
630	3555.3	1.88758
631	3552.9	2.1809
632	3555.9	2.05638
633	3555.01	2.00095
634	3535.61	1.79477
635	3542.55	1.74868
636	3541.96	1.711
637	3556.38	1.8832
638	3540.45	1.82473
639	3543.15	1.81431
640	3548.09	1.74851
641	3553.9	1.98295
642	3547.04	2.00565
643	3541.13	1.81186
644	3542.55	1.75019
645	3535.18	1.87551
646	3546.18	1.73085
647	3536	1.84117
648	3543.1	2.11712
649	3550.76	1.94115
650	3547.55	1.98315
651	3557.63	1.69139
652	3551.79	1.75949
653	3549.92	1.87331
654	3550.12	2.06504
655	3557.31	1.7956
656	3544.58	1.6914
657	3537.25	1.67595
658	3552.77	1.65367
659	3551.4	2.00528
660	3549.63	1.72375
661	3540.2	1.69941
662	3535.27	1.63458
663	3537.55	1.84036
664	3540.67	1.84597
665	3550.21	1.77249
666	3541.86	1.76764
667	3539.8	1.67926
668	3556.92	1.86819
669	3543.63	1.82987
670	3548.31	1.82678
671	3547.99	2.02321
672	3541.25	1.72343
673	3545.74	1.816
674	3549.26	1.79238
675	3535.77	1.59907
676	3535.86	1.66018
677	3541.15	1.83884
678	3537.21	1.92301
679	3546.2	1.75409
680	3549.02	1.72749
681	3550.73	1.80212
682	3553.09	2.05312
683	3547.11	1.94128
684	3547.69	1.61563
685	3539.22	1.94241
686	3547.57	1.77335
687	3537.84	1.87667
688	3549.15	1.78152
689	3536.83	1.85632
690	3553.24	1.90178
691	3544.18	1.91293
692	3553.85	1.8064
693	3538.96	1.85962
694	3560.69	1.88739
695	3555.08	1.80282
696	3541.32	1.73423
697	3536.5	2.05089
698	3536.15	1.61538
699	3532.43	1.74576
700	3539.49	1.73456
701	3544.38	1.99949
702	3543.48	1.78462
703	3545.33	1.8463
704	3539.46	1.84784
705	3557.54	1.87565
706	3547.64	1.70822
707	3538.88	1.55968
708	3557.39	1.86717
709	3540.66	1.6802
710	3539.13	1.91515
711	3543.74	1.99301
